Pearson correlation (converged equilibria, shape scalars from pickle):
              gamma_TOKAM  epsilon_a_R0  A_R0_over_a     delta     kappa        R0         a
gamma_TOKAM      1.000000     -0.170571     0.156923 -0.253949  0.020904  0.097994 -0.128602
epsilon_a_R0    -0.170571      1.000000    -0.995437  0.402355 -0.548846 -0.586540  0.715530
A_R0_over_a      0.156923     -0.995437     1.000000 -0.402632  0.532934  0.603489 -0.699026
delta           -0.253949      0.402355    -0.402632  1.000000 -0.161447 -0.419460  0.135926
kappa            0.020904     -0.548846     0.532934 -0.161447  1.000000  0.305247 -0.381239
R0               0.097994     -0.586540     0.603489 -0.419460  0.305247  1.000000  0.143710
a               -0.128602      0.715530    -0.699026  0.135926 -0.381239  0.143710  1.000000

Spearman correlation:
              gamma_TOKAM  epsilon_a_R0  A_R0_over_a     delta     kappa        R0         a
gamma_TOKAM      1.000000      0.003769    -0.003769 -0.029186 -0.083984  0.036721  0.096488
epsilon_a_R0     0.003769      1.000000    -1.000000  0.330184 -0.585901 -0.463296  0.744609
A_R0_over_a     -0.003769     -1.000000     1.000000 -0.330184  0.585901  0.463296 -0.744609
delta           -0.029186      0.330184    -0.330184  1.000000 -0.110762 -0.353588  0.166155
kappa           -0.083984     -0.585901     0.585901 -0.110762  1.000000  0.306491 -0.390558
R0               0.036721     -0.463296     0.463296 -0.353588  0.306491  1.000000  0.125139
a                0.096488      0.744609    -0.744609  0.166155 -0.390558  0.125139  1.000000

n_samples=9996
